20
28 21
6 5 1 85919
1000000000 100000
99999 1 99999 100000
714311129 39521
9 5 9 999998192
110 53
7 7 1 64417
45068754 29153
2 9 5 999904402
1000000000 100000
1 1 1 1000000000
1000000000 1
12 7 74 12
1000000000 100000
100000 1 0 1000000000
198 81
8 5 7 83495
1000000000 100000
999999999 1 999999999 1000000000
82 81
58 56 739 82
164 96
76 2 193 164
977365070 59489
8 5 9 999966210
98 59
6 30 524 98
840698758 13331
8 7 10 999955808
249718282 93729
1 5 6 999917908
59 26
14 19 681 59
177 73
7 7 5 56401
232959116 56689
4 9 1 999903057
112 73
1 5 3 64100
